1 480 640
1 427 640
1 640 427
1 413 640
1 427 640
1 429 640
1 640 505
1 427 640
1 429 640
1 427 640
1 427 640
1 308 640
1 480 640
1 351 640
1 428 640
1 375 500
1 427 640
1 427 640
1 640 427
1 480 640
1 640 427
1 374 500
1 640 427
1 427 640
1 426 640
1 427 640
1 427 640
1 562 640
1 640 433
1 427 640
1 640 424
1 427 640
1 424 640
1 429 640
1 480 640
1 311 500
1 489 640
1 480 640
1 500 369
1 427 640
1 375 500
1 425 640
1 480 640
1 640 427
1 590 640
1 640 427
1 427 640
1 640 480
1 612 612
1 425 640
1 612 612
1 640 427
1 427 640
1 284 640
1 640 480
1 434 640
1 640 480
1 480 640
1 480 640
1 640 427
1 640 480
1 375 500
1 427 640
1 400 640
1 433 640
1 640 480
1 424 640
1 480 640
1 640 427
1 480 640
1 427 640
1 640 478
1 640 427
1 375 500
1 426 640
1 640 640
1 333 500
1 427 640
1 360 640
1 426 640
1 480 640
1 640 426
1 422 640
1 640 427
1 427 640
1 333 500
1 375 500
1 426 640
1 640 480
1 408 640
1 480 640
1 640 520
1 429 640
1 400 500
1 333 500
1 426 640
1 640 498
1 480 640
1 477 640
1 480 640
1 427 640
1 640 480
1 426 640
1 640 424
1 333 500
1 375 500
1 421 640
1 375 500
1 251 640
1 432 640
1 640 426
1 481 640
1 640 427
1 500 375
1 536 640
1 375 500
1 480 640
1 428 640
1 640 427
1 480 640
1 605 640
1 640 517
1 640 427
1 640 480
1 612 612
1 426 640
1 375 500
1 428 640
1 640 428
1 376 500
1 640 425
1 631 640
1 480 640
1 640 480
1 557 640
1 640 427
1 426 640
1 500 339
1 480 640
1 640 556
1 480 640
1 426 640
1 640 417
1 640 480
1 333 500
1 480 640
1 640 353
1 428 640
1 427 640
1 426 640
1 348 640
1 388 640
1 640 427
1 480 640
1 480 640
1 429 640
1 500 374
1 400 500
1 640 480
1 480 640
1 480 640
1 640 427
1 480 640
1 612 612
1 480 640
1 360 640
1 640 480
1 480 640
1 480 640
1 427 640
1 346 640
1 500 375
1 640 640
1 512 640
1 427 640
1 511 640
1 640 480
1 640 426
1 480 640
1 480 640
1 426 640
1 640 480
1 480 640
1 478 640
1 640 425
1 485 640
1 332 500
1 352 500
1 425 640
1 640 427
1 480 640
1 426 640
1 459 640
1 640 427
1 480 640
1 375 500
1 480 640
1 640 480
1 426 640
1 427 640
1 640 640
1 427 640
1 480 640
1 457 640
1 600 600
1 480 640
1 428 640
1 305 640
1 480 640
1 480 640
1 480 640
1 317 500
1 500 375
1 426 640
1 640 424
1 375 500
1 640 480
1 480 640
1 480 640
1 640 623
1 480 640
1 426 640
1 640 405
1 454 640
1 640 603
1 480 640
1 426 640
1 500 375
1 640 526
1 480 640
1 333 500
1 475 640
1 426 640
1 306 500
1 640 481
1 640 427
1 428 640
1 480 640
1 557 640
1 427 640
1 425 640
1 480 640
1 640 482
1 640 435
1 480 640
1 425 640
1 259 640
1 468 640
1 375 500
1 480 640
1 640 480
1 360 640
1 496 640
1 375 500
1 453 640
1 326 500
1 480 640
1 333 500
1 500 375
1 480 640
1 640 427
1 640 426
1 375 500
1 500 375
1 640 480
1 480 640
1 485 500
1 640 458
1 447 640
1 500 375
1 640 360
1 427 640
1 426 640
1 640 480
1 426 640
1 404 640
1 425 640
1 335 473
1 427 640
1 427 640
1 612 612
1 427 640
1 625 640
1 432 640
1 640 480
1 640 428
1 375 500
1 334 500
1 375 500
1 358 500
1 640 480
1 500 332
1 640 410
1 427 640
1 329 640
1 388 640
1 477 640
1 480 640
1 500 375
1 425 640
1 360 640
1 640 426
1 456 640
1 364 500
1 457 640
1 427 640
1 640 426
1 480 640
1 640 640
1 375 500
1 480 640
1 480 640
1 640 478
1 441 640
1 640 426
1 480 640
1 640 480
1 427 640
1 360 640
1 640 480
1 480 640
1 427 640
1 480 640
1 333 500
1 375 500
1 640 639
1 640 427
1 243 640
1 375 500
1 424 640
1 640 427
1 427 640
1 480 640
1 375 500
1 420 640
1 453 640
1 375 500
1 480 640
1 480 640
1 480 640
1 375 500
1 558 640
1 359 640
1 640 480
1 480 640
1 408 640
1 379 640
1 480 640
1 480 640
1 500 491
1 404 640
1 427 640
1 640 480
1 480 640
1 427 640
1 379 500
1 640 427
1 480 640
1 426 640
1 367 640
1 500 378
1 480 640
1 640 423
1 512 640
1 640 438
1 640 480
1 375 500
1 640 427
1 320 640
1 640 427
1 425 640
1 480 640
1 495 640
1 480 640
1 375 500
1 480 640
1 376 500
1 480 640
1 480 640
1 444 640
1 427 640
1 480 640
1 640 427
1 375 500
1 480 640
1 428 640
1 640 480
1 500 375
1 480 640
1 400 500
1 360 640
1 480 640
1 500 386
1 640 480
1 427 640
1 608 438
1 427 640
1 480 640
1 480 640
1 413 640
1 426 640
1 427 640
1 494 351
1 640 426
1 640 427
1 480 640
1 480 640
1 640 428
1 480 640
1 426 640
1 427 640
1 500 365
1 480 640
1 480 640
1 333 500
1 640 427
1 640 427
1 453 640
1 500 333
1 640 480
1 630 640
1 480 640
1 480 640
1 640 456
1 426 640
1 430 640
1 425 640
1 640 480
1 500 348
1 427 640
1 426 640
1 480 640
1 588 640
1 426 640
1 640 480
1 565 640
1 480 640
1 418 640
1 361 640
1 640 480
1 427 640
1 480 640
1 480 640
1 480 640
1 427 640
1 640 423
1 439 640
1 640 640
1 640 427
1 500 328
1 480 640
1 425 640
1 427 640
1 336 500
1 640 425
1 480 640
1 640 427
1 480 640
1 427 640
1 427 640
1 360 640
1 456 640
1 480 640
1 612 612
1 424 640
1 480 640
1 427 640
1 429 640
1 480 640
1 320 640
1 426 640
1 640 640
1 517 640
1 502 640
1 427 640
1 478 640
1 428 640
1 640 478
1 338 500
1 427 640
1 480 640
1 480 640
1 480 640
1 612 612
1 640 480
1 530 530
1 640 636
1 427 640
1 360 640
1 640 480
1 640 478
1 640 640
1 515 640
1 640 480
1 428 640
1 427 640
1 640 427
1 427 640
1 500 347
1 457 640
1 612 612
1 480 640
1 480 640
1 425 640
1 456 640
1 640 480
1 640 597
1 478 640
1 640 428
1 480 640
1 426 640
1 427 640
1 480 640
1 480 640
1 368 640
1 427 640
1 630 640
1 427 640
1 612 612
1 640 564
1 640 512
1 640 480
1 426 640
1 438 500
1 429 640
1 354 640
1 375 500
1 480 640
1 426 640
1 427 640
1 360 640
1 376 500
1 427 640
1 480 640
1 640 427
1 500 333
1 480 640
1 480 640
1 480 640
1 408 575
1 531 640
1 426 640
1 427 640
1 428 640
1 427 640
1 426 640
1 434 640
1 640 425
1 427 640
1 427 640
1 427 640
1 375 500
1 427 640
1 500 285
1 640 640
1 640 480
1 425 640
1 480 640
1 480 640
1 480 640
1 426 640
1 427 640
1 375 500
1 640 427
1 640 480
1 360 640
1 427 640
1 612 612
1 500 375
1 320 240
1 480 640
1 640 426
1 427 640
1 480 640
1 233 640
1 423 640
1 640 480
1 500 500
1 512 640
1 640 427
1 399 640
1 500 375
1 375 500
1 480 640
1 314 500
1 428 640
1 427 640
1 361 640
1 500 375
1 427 640
1 559 640
1 427 640
1 427 640
1 640 427
1 427 640
1 400 500
1 375 500
1 426 640
1 428 640
1 480 640
1 640 488
1 360 640
1 640 426
1 425 640
1 427 640
1 640 424
1 500 341
1 640 480
1 500 400
1 420 640
1 640 480
1 333 500
1 640 512
1 426 640
1 425 640
1 640 424
1 427 640
1 640 480
1 500 375
1 480 640
1 425 640
1 375 500
1 640 480
1 640 519
1 612 612
1 361 640
1 640 640
1 480 640
1 516 640
1 428 640
1 480 640
1 436 500
1 425 640
1 427 640
1 640 425
1 640 480
1 480 640
1 375 500
1 427 640
1 428 640
1 480 640
1 335 500
1 427 640
1 427 640
1 612 612
1 640 426
1 480 640
1 480 640
1 612 612
1 640 400
1 480 640
1 427 640
1 427 640
1 480 640
1 425 640
1 426 640
1 375 500
1 500 375
1 425 640
1 408 640
1 427 640
1 388 640
1 426 640
1 640 480
1 480 640
1 500 375
1 424 640
1 375 500
1 513 640
1 375 500
1 480 640
1 427 640
1 425 640
1 640 428
1 333 500
1 480 640
1 500 475
1 436 640
1 480 640
1 375 500
1 427 640
1 568 640
1 383 640
1 640 640
1 500 500
1 480 640
1 480 640
1 640 447
1 480 640
1 511 640
1 640 457
1 535 640
1 640 480
1 427 640
1 640 480
1 500 385
1 429 640
1 335 500
1 427 640
1 480 640
1 489 640
1 480 640
1 480 640
1 480 640
1 427 640
1 640 480
1 375 500
1 640 427
1 427 640
1 480 640
1 333 500
1 423 640
1 480 640
1 612 612
1 320 640
1 273 640
1 431 640
1 426 640
1 640 480
1 384 640
1 640 413
1 640 480
1 428 640
1 333 500
1 480 640
1 431 640
1 640 480
1 423 640
1 500 500
1 480 640
1 454 640
1 640 427
1 480 640
1 640 360
1 640 480
1 480 640
1 457 640
1 427 640
1 266 640
1 408 640
1 480 640
1 375 500
1 500 498
1 427 640
1 640 425
1 375 500
1 480 640
1 427 640
1 425 640
1 640 427
1 425 640
1 480 640
1 426 640
1 333 500
1 375 500
1 640 480
1 640 640
1 500 346
1 640 480
1 375 500
1 359 640
1 640 480
1 640 496
1 500 500
1 423 640
1 640 426
1 640 480
1 480 640
1 427 640
1 480 640
1 640 461
1 640 427
1 500 494
1 640 428
1 422 640
1 427 640
1 640 478
1 500 375
1 640 474
1 640 383
1 640 480
1 640 480
1 640 426
1 480 640
1 427 640
1 480 640
1 415 640
1 427 640
1 500 335
1 640 480
1 427 640
1 334 500
1 480 640
1 480 640
1 360 640
1 333 500
1 303 640
1 426 640
1 640 426
1 640 426
1 393 500
1 427 640
1 359 640
1 640 480
1 427 640
1 428 640
1 348 640
1 480 640
1 428 640
1 427 640
1 444 640
1 427 640
1 480 640
1 480 640
1 415 640
1 284 500
1 480 640
1 640 427
1 640 478
1 422 640
1 640 478
1 640 426
1 328 500
1 640 436
1 480 640
1 640 425
1 500 375
1 281 500
1 427 640
1 480 640
1 426 640
1 375 500
1 375 500
1 427 640
1 480 640
1 480 640
1 640 428
1 480 640
1 640 427
1 500 333
1 480 640
1 415 598
1 427 640
1 428 640
1 428 640
1 640 480
1 360 640
1 640 427
1 443 640
1 480 640
1 425 640
1 403 640
1 640 480
1 480 640
1 480 640
1 427 640
1 480 640
1 360 640
1 480 640
1 426 640
1 480 640
1 457 640
1 640 432
1 424 640
1 427 640
1 573 640
1 360 640
1 425 640
1 375 500
1 480 640
1 425 640
1 427 640
1 500 335
1 428 640
1 640 436
1 640 425
1 427 640
1 427 640
1 640 480
1 360 640
1 428 640
1 640 640
1 426 640
1 612 612
1 480 640
1 375 500
1 500 375
1 427 640
1 360 640
1 500 374
1 430 640
1 426 640
1 419 640
1 427 640
1 480 640
1 480 640
1 481 640
1 640 622
1 612 612
1 360 640
1 640 480
1 468 640
1 480 640
1 596 640
1 426 640
1 327 640
1 424 640
1 457 640
1 480 640
1 500 375
1 375 500
1 427 640
1 427 640
1 478 640
1 427 640
1 612 612
1 337 500
1 478 640
1 500 362
1 428 640
1 426 640
1 482 640
1 424 640
1 480 640
1 427 640
1 375 500
1 427 640
1 357 500
1 489 640
1 640 444
1 640 480
1 427 640
1 425 640
1 375 500
1 427 640
1 346 640
1 480 640
1 480 640
1 368 500
1 458 640
1 640 510
1 480 640
1 427 640
1 640 506
1 427 640
1 427 640
1 478 640
1 500 500
1 640 427
1 640 480
1 480 640
1 640 480
1 640 478
1 350 640
1 427 640
1 425 640
1 640 478
1 480 640
1 480 640
1 500 416
1 361 640
1 427 640
1 640 480
1 640 469
1 500 375
1 427 640
1 358 640
1 427 640
1 500 332
1 360 640
1 640 383
1 459 640
1 640 482
1 428 640
1 500 375
1 638 640
1 640 640
1 480 640
1 480 640
1 375 500
1 424 640
1 480 640
1 480 640
1 480 640
1 388 480
1 480 640
1 368 640
1 426 640
1 480 640
1 360 640
1 427 640
1 427 640
1 480 640
1 427 640
1 640 480
1 254 500
1 480 640
1 640 427
1 480 640
1 640 480
1 640 413
1 427 640
1 480 640
1 290 640
1 429 640
1 640 427
1 640 480
1 300 500
1 427 640
1 640 640
1 640 640
1 416 640
1 480 640
1 480 640
1 480 640
1 612 612
1 428 640
1 480 640
1 428 640
1 640 480
1 429 640
1 427 640
1 640 427
1 480 640
1 500 259
1 480 640
1 480 640
1 640 616
1 480 640
1 640 427
1 640 480
1 640 503
1 400 500
1 333 500
1 640 479
1 427 640
1 480 640
1 640 305
1 364 640
1 426 640
1 434 640
1 500 334
1 332 500
1 640 480
1 429 640
1 500 375
1 332 500
1 480 640
1 390 500
1 480 640
1 375 500
1 427 640
1 426 640
1 427 640
1 460 640
1 480 640
1 413 640
1 500 378
1 640 480
1 480 640
1 480 640
1 428 640
1 612 612
1 612 612
1 333 500
1 640 640
1 480 640
1 375 500
1 480 640
1 375 500
1 479 640
1 400 640
1 464 640
1 480 640
1 429 640
1 640 480
1 427 640
1 333 500
1 480 640
1 427 640
1 480 640
1 640 480
1 480 640
1 500 375
1 480 640
1 425 640
1 375 500
1 640 427
1 480 640
1 405 640
1 341 640
1 426 640
1 640 511
1 409 614
1 333 500
1 364 640
1 480 640
1 427 640
1 346 500
1 480 640
1 480 640
1 375 500
1 426 640
1 612 612
1 289 640
1 640 427
1 515 640
1 428 640
1 333 500
1 500 325
1 427 640
1 480 640
1 430 640
1 480 640
1 425 640
1 480 640
1 468 640
1 640 480
1 640 480
1 360 640
1 333 500
1 640 457
1 428 640
1 427 640
1 427 640
1 427 640
1 640 470
1 480 640
1 640 546
1 319 640
1 427 640
1 640 427
1 428 640
1 640 428
1 375 500
1 478 640
1 640 427
1 425 640
1 335 500
1 500 333
1 480 640
1 480 640
1 426 640
1 480 640
1 612 612
1 375 500
1 480 640
1 480 640
1 333 500
1 427 640
1 427 640
1 612 612
1 640 428
1 512 640
1 425 640
1 640 480
1 427 640
1 500 442
1 512 640
1 480 640
1 640 373
1 425 640
1 330 640
1 333 500
1 640 512
1 640 413
1 335 500
1 427 640
1 480 640
1 640 427
1 424 640
1 640 426
1 425 640
1 480 640
1 480 640
1 480 640
1 500 377
1 426 640
1 640 435
1 480 640
1 427 640
1 428 640
1 500 333
1 458 640
1 480 640
1 640 480
1 427 640
1 640 475
1 424 640
1 432 640
1 383 640
1 481 640
1 640 555
1 427 640
1 255 500
1 427 640
1 428 640
1 333 500
1 427 640
1 480 640
1 480 640
1 578 640
1 480 640
1 426 640
1 480 640
1 360 640
1 640 478
1 431 640
1 427 640
1 449 640
1 425 640
1 640 519
1 427 640
1 480 640
1 334 500
1 480 640
1 640 427
1 427 640
1 433 640
1 425 640
1 427 640
1 363 640
1 425 640
1 425 640
1 500 375
1 506 640
1 622 640
1 360 640
1 480 640
1 640 427
1 400 500
1 360 640
1 640 480
1 478 640
1 427 640
1 480 640
1 424 640
1 480 640
1 359 640
1 496 640
1 640 481
1 428 640
1 427 640
1 640 608
1 480 640
1 640 427
1 480 640
1 640 424
1 298 640
1 469 640
1 427 640
1 375 500
1 480 640
1 480 640
1 640 426
1 333 500
1 427 640
1 480 640
1 640 480
1 375 500
1 424 640
1 426 640
1 476 640
1 480 640
1 640 425
1 640 480
1 640 480
1 437 640
1 640 480
1 480 640
1 480 640
1 425 640
1 320 480
1 428 640
1 390 500
1 513 640
1 640 480
1 479 640
1 480 640
1 640 427
1 360 640
1 640 426
1 427 640
1 375 500
1 640 430
1 469 640
1 427 640
1 500 375
1 480 640
1 429 640
1 428 640
1 640 480
1 457 640
1 427 640
1 427 640
1 426 640
1 457 640
1 480 640
1 640 458
1 458 640
1 480 640
1 542 640
1 480 640
1 425 640
1 497 640
1 437 640
1 480 640
1 427 640
1 480 640
1 640 613
1 612 612
1 480 640
1 640 491
1 332 500
1 428 640
1 408 640
1 640 427
1 480 640
1 640 480
1 361 640
1 343 500
1 503 640
1 427 640
1 640 361
1 332 500
1 482 640
1 561 640
1 483 640
1 480 640
1 480 640
1 480 640
1 428 640
1 640 428
1 612 612
1 385 640
1 640 512
1 640 480
1 427 640
1 640 427
1 428 640
1 640 480
1 451 640
1 480 640
1 640 480
1 373 640
1 309 640
1 640 480
1 427 640
1 375 500
1 427 640
1 427 640
1 427 640
1 480 640
1 640 640
1 512 640
1 420 640
1 427 640
1 640 427
1 480 640
1 426 640
1 427 640
1 338 640
1 360 640
1 478 640
1 480 640
1 375 500
1 640 427
1 640 601
1 480 640
1 427 640
1 426 640
1 640 424
1 480 640
1 480 640
1 640 480
1 427 640
1 375 500
1 640 459
1 640 480
1 360 640
1 238 500
1 444 640
1 640 480
1 480 640
1 640 640
1 640 544
1 640 427
1 391 500
1 640 630
1 640 426
1 429 640
1 640 383
1 426 640
1 640 480
1 640 426
1 428 640
1 384 500
1 428 640
1 424 640
1 500 383
1 411 640
1 480 640
1 425 640
1 334 500
1 360 640
1 368 500
1 640 454
1 640 427
1 427 640
1 458 640
1 427 640
1 640 426
1 426 640
1 478 640
1 426 640
1 640 576
1 500 375
1 480 640
1 428 640
1 534 640
1 640 425
1 640 440
1 481 640
1 426 640
1 426 640
1 490 640
1 480 640
1 480 640
1 480 640
1 427 640
1 512 640
1 333 500
1 375 500
1 640 426
1 500 333
1 500 375
1 442 640
1 425 640
1 480 640
1 480 640
1 427 640
1 406 640
1 480 640
1 500 300
1 360 640
1 480 640
1 383 640
1 640 493
1 308 500
1 640 499
1 375 500
1 478 640
1 640 426
1 500 375
1 640 524
1 427 640
1 640 480
1 640 426
1 500 375
1 640 428
1 427 640
1 640 563
1 480 640
1 640 640
1 427 640
1 270 360
1 640 427
1 426 640
1 640 480
1 427 640
1 640 426
1 480 640
1 500 333
1 640 456
1 360 640
1 388 640
1 502 640
1 612 612
1 298 500
1 640 480
1 375 500
1 468 640
1 480 640
1 450 338
1 427 640
1 418 640
1 494 640
1 640 480
1 427 640
1 480 640
1 640 427
1 468 640
1 640 427
1 427 640
1 640 526
1 427 640
1 375 500
1 375 500
1 427 640
1 427 640
1 375 500
1 427 640
1 500 375
1 480 640
1 419 500
1 480 640
1 333 500
1 427 640
1 436 640
1 427 640
1 406 640
1 480 640
1 480 640
1 640 640
1 428 640
1 640 427
1 427 640
1 375 500
1 332 500
1 427 640
1 424 640
1 320 640
1 427 640
1 640 640
1 480 640
1 375 500
1 431 640
1 490 640
1 500 375
1 427 640
1 480 640
1 425 640
1 480 640
1 426 640
1 640 429
1 480 640
1 427 640
1 640 640
1 375 500
1 640 426
1 640 608
1 374 500
1 480 640
1 480 640
1 375 500
1 427 640
1 359 640
1 425 640
1 375 500
1 308 432
1 427 640
1 353 640
1 429 640
1 455 640
1 640 480
1 480 640
1 427 640
1 463 640
1 640 427
1 427 640
1 500 333
1 427 640
1 480 640
1 376 550
1 480 640
1 424 500
1 421 640
1 640 478
1 640 480
1 480 640
1 498 640
1 240 320
1 480 640
1 500 375
1 640 640
1 612 612
1 426 640
1 427 640
1 640 445
1 426 640
1 480 640
1 640 480
1 360 640
1 500 375
1 500 375
1 425 640
1 375 500
1 640 426
1 495 640
1 480 640
1 433 640
1 640 428
1 426 640
1 360 640
1 640 427
1 375 500
1 427 640
1 427 640
1 426 640
1 349 640
1 427 640
1 480 640
1 426 640
1 640 480
1 639 640
1 640 480
1 640 441
1 333 500
1 640 426
1 427 640
1 240 320
1 640 428
1 640 427
1 426 640
1 480 640
1 640 480
1 640 480
1 424 640
1 640 480
1 640 483
1 640 426
1 640 359
1 375 500
1 480 640
1 480 640
1 640 427
1 640 396
1 427 640
1 483 640
1 480 640
1 500 375
1 427 640
1 428 640
1 480 640
1 427 640
1 480 640
1 640 426
1 427 640
1 375 500
1 427 640
1 427 640
1 480 640
1 400 640
1 333 500
1 427 640
1 640 427
1 428 640
1 524 640
1 404 640
1 429 640
1 426 640
1 480 640
1 480 640
1 333 500
1 480 640
1 500 375
1 480 640
1 360 640
1 480 640
1 480 640
1 612 612
1 360 640
1 500 333
1 480 640
1 480 640
1 424 640
1 480 640
1 480 640
1 427 640
1 554 640
1 640 478
1 432 640
1 500 375
1 375 500
1 427 640
1 640 480
1 212 640
1 640 480
1 400 500
1 500 500
1 457 640
1 426 640
1 427 640
1 427 640
1 480 640
1 480 640
1 480 640
1 640 480
1 428 640
1 333 500
1 480 640
1 640 480
1 500 335
1 427 640
1 480 640
1 359 640
1 427 640
1 334 500
1 640 426
1 480 640
1 480 640
1 375 500
1 480 640
1 640 480
1 427 640
1 400 640
1 640 480
1 640 599
1 480 640
1 594 640
1 480 640
1 360 640
1 480 640
1 640 428
1 427 640
1 427 640
1 480 640
1 360 640
1 480 640
1 375 500
1 427 640
1 375 500
1 612 612
1 427 640
1 516 640
1 480 640
1 479 640
1 455 640
1 441 640
1 425 640
1 427 640
1 375 500
1 427 640
1 480 640
1 480 640
1 500 456
1 640 480
1 427 640
1 640 480
1 488 640
1 480 640
1 400 640
1 640 423
1 474 640
1 640 426
1 480 640
1 640 427
1 426 640
1 426 640
1 379 640
1 317 500
1 480 640
1 426 640
1 640 425
1 426 640
1 427 640
1 480 640
1 482 640
1 399 640
1 640 426
1 500 333
1 441 640
1 333 500
1 480 640
1 640 480
1 640 426
1 424 640
1 640 480
1 480 640
1 427 640
1 336 500
1 427 640
1 427 640
1 418 640
1 640 424
1 375 500
1 364 640
1 453 640
1 640 425
1 375 500
1 424 640
1 427 640
1 374 640
1 480 640
1 480 640
1 393 640
1 640 480
1 333 500
1 640 480
1 480 640
1 425 640
1 480 640
1 480 640
1 375 500
1 427 640
1 482 640
1 640 427
1 640 427
1 427 640
1 427 640
1 480 640
1 500 332
1 540 640
1 515 640
1 298 500
1 380 500
1 612 612
1 427 640
1 640 421
1 640 427
1 375 500
1 424 640
1 427 640
1 480 640
1 427 640
1 640 396
1 480 640
1 429 640
1 480 640
1 427 640
1 427 640
1 349 640
1 336 448
1 501 640
1 640 427
1 375 500
1 375 500
1 456 640
1 426 640
1 480 640
1 480 640
1 480 640
1 640 426
1 480 640
1 359 640
1 424 640
1 286 500
1 425 640
1 427 640
1 426 640
1 508 640
1 640 640
1 640 480
1 499 640
1 640 480
1 427 640
1 500 375
1 457 640
1 480 640
1 480 640
1 424 640
1 640 480
1 444 640
1 640 427
1 368 640
1 333 500
1 480 640
1 375 500
1 333 500
1 333 500
1 567 640
1 640 480
1 427 640
1 512 640
1 427 640
1 425 640
1 427 640
1 640 478
1 427 640
1 480 640
1 454 640
1 480 640
1 640 428
1 480 640
1 444 640
1 474 640
1 640 480
1 427 640
1 640 427
1 480 640
1 480 353
1 408 640
1 427 640
1 480 640
1 500 447
1 480 640
1 424 640
1 390 640
1 480 640
1 640 480
1 427 640
1 554 640
1 427 640
1 360 640
1 333 500
1 424 640
1 480 640
1 426 640
1 427 640
1 425 640
1 480 640
1 480 640
1 426 640
1 640 428
1 480 640
1 426 500
1 360 640
1 427 640
1 480 640
1 429 640
1 425 640
1 500 333
1 480 640
1 480 640
1 640 480
1 480 640
1 640 480
1 427 640
1 612 612
1 360 640
1 426 640
1 480 640
1 433 640
1 640 598
1 427 640
1 480 640
1 500 375
1 427 640
1 375 500
1 357 500
1 640 473
1 480 640
1 612 612
1 427 640
1 375 500
1 500 334
1 425 640
1 640 480
1 278 640
1 376 640
1 640 512
1 383 640
1 480 640
1 428 640
1 640 478
1 351 500
1 427 640
1 500 375
1 640 480
1 375 500
1 482 640
1 360 640
1 500 334
1 428 640
1 480 640
1 383 640
1 480 640
1 360 640
1 480 640
1 120 160
1 480 640
1 472 380
1 563 640
1 429 640
1 425 640
1 480 640
1 480 640
1 427 640
1 375 500
1 359 640
1 360 640
1 332 500
1 480 640
1 640 640
1 424 640
1 500 333
1 428 640
1 427 640
1 428 640
1 480 640
1 640 480
1 426 640
1 366 640
1 333 500
1 393 640
1 640 460
1 431 640
1 512 640
1 427 640
1 375 500
1 480 640
1 438 640
1 354 640
1 640 425
1 457 640
1 386 640
1 480 640
1 240 161
1 640 425
1 424 640
1 640 426
1 381 500
1 500 334
1 640 480
1 480 640
1 426 640
1 381 640
1 333 500
1 427 640
1 392 640
1 384 640
1 480 640
1 500 375
1 569 640
1 480 640
1 432 288
1 383 640
1 427 640
1 375 500
1 500 397
1 640 640
1 424 640
1 480 640
1 480 640
1 640 480
1 429 640
1 481 640
1 479 640
1 403 604
1 333 500
1 427 640
1 640 480
1 360 640
1 480 640
1 360 640
1 480 640
1 479 640
1 480 640
1 625 640
1 462 640
1 480 640
1 418 640
1 480 640
1 512 640
1 427 640
1 480 640
1 640 427
1 480 640
1 640 427
1 425 640
1 427 640
1 640 539
1 360 640
1 612 612
1 424 640
1 640 428
1 428 640
1 438 640
1 480 640
1 640 384
1 500 373
1 360 640
1 640 480
1 480 640
1 430 640
1 512 640
1 480 640
1 612 612
1 281 500
1 612 612
1 427 640
1 425 640
1 480 640
1 480 640
1 500 333
1 426 640
1 427 640
1 609 640
1 640 336
1 640 427
1 480 640
1 375 500
1 426 640
1 338 640
1 484 640
1 640 426
1 640 480
1 426 640
1 500 418
1 274 500
1 640 640
1 640 426
1 640 464
1 427 640
1 640 480
1 612 612
1 640 539
1 500 333
1 427 640
1 640 430
1 318 500
1 480 640
1 333 500
1 612 612
1 427 640
1 480 640
1 375 500
1 480 640
1 425 640
1 640 427
1 334 500
1 480 640
1 640 480
1 411 640
1 427 640
1 640 498
1 640 426
1 640 480
1 429 640
1 540 640
1 480 640
1 480 640
1 360 640
1 428 640
1 640 480
1 640 461
1 425 640
1 480 640
